
Fra 2.1:
Skew-symmetric matrix:
        0 -0.707107       0.5
 0.707107         0      -0.5
     -0.5       0.5         0
Skew-symmetric matrix transposition:
       -0 -0.707107       0.5
 0.707107        -0      -0.5
     -0.5       0.5        -0


Fra 2.2:
Rotation matrix from Euler:
        0.5        -0.5    0.707107
        0.5        -0.5   -0.707107
   0.707107    0.707107 1.26918e-09

Rotation matrix from axis-angle pair:
        0.5        -0.5    0.707107
        0.5        -0.5   -0.707107
   0.707107    0.707107 5.47468e-08

Rotation matrix from frame axes:
      0.5      -0.5  0.707107
      0.5      -0.5 -0.707107
 0.707107  0.707107         0


Fra 2.3:
transformation_matrix:
        0.5        -0.5    0.707107           1
        0.5        -0.5   -0.707107          -2
   0.707107    0.707107 1.26918e-09           3
          0           0           0           1
v_w:
-5.24973
-3.09279
 1.16117
       1